0.046965272290623986
0.048270279839936
0.048270279839936
0.04376343224064
0.040730416911168
0.04210879406259199
0.04734425131871999
0.04734425131871999
0.044836922635648
0.044071710490367996
0.046114894022528004
0.046114894022528004
0.04365024437510401
0.042691589181503994
0.042691589181503994
0.040654560302592006
0.047389668434304
0.04757674070655999
0.04757674070655999
0.038578155287936
0.04772864924352001
0.04594916047142399
0.043177189184192
0.043177189184192
0.04316485818886401
0.04502383097740799
0.04502383097740799
0.041804155156864004
0.047016844855807996
0.0439239392768
0.045128136685823994
0.043638207114048005
0.045626949855168
0.045626949855168
0.041017835916672
0.043277997085567996
0.046832549792127996
0.05216684273049599
0.05216684273049599
0.045043649158847995
0.045075356027903996
0.04476304097900799
0.040909805651775995
0.040909805651775995
0.048066309142079995
0.044626443823232
0.04455289971340799
0.04987913678592
0.04987913678592
0.04588314116832
0.04112011899648
0.042514549775231995
0.042905322130304
0.042905322130304
0.044830624351744
0.04401266298476801
0.04609233346649601
0.046330692064704
0.046330692064704
0.04552593316774399
0.036849791773824005
0.039764988202623995
0.039764988202623995
0.039808849908672
0.042055502322047994
0.045830728554431995
0.039135547436608006
0.039691274220608
0.037865337499519994
0.03735149184319999
0.038077032049024
0.03864452260486399
0.040447295212288
0.037404780065728
0.037934646719296
0.03895272733824
0.039054673210752
0.036410400508031994
0.036410400508031994
0.039945107404543996
0.038126544972544
0.043323771134976
0.037314603995839996
0.039471499301248006
0.04067573015052799
0.040901143342592
0.042483258639744004
0.03886350497075201
0.04013433069632
0.04158314177606399
0.05177365632396799
0.05099895294169599
0.051466841293824
0.049393330113536
0.05577183303519999
0.05577183303519999
0.052505048881152
0.050866402187904
0.045366481811648
0.054033458558592
0.054033458558592
0.054306678152512
0.047938849917632
0.044557436684927995
0.052382977146815994
0.052382977146815994
0.049525383094144
0.05250213186329599
0.04539983975904
0.04539983975904
0.047412374873471996
0.04989339427712
0.05116998027808001
0.04674295542387201
0.04674295542387201
0.04856735130009599
0.04852780050944
0.05122276435878399
0.055136166761856
0.055136166761856
0.051933526762816005
0.04739149014528
0.04739149014528
0.05061745069164799
0.046944832170112014
0.05171576508953601
0.048634329071104
0.050409162494912
0.052365896629696006
0.048062703678464
0.048062703678464
0.044666761316991994
0.04503476012953601
0.05030641552704001
0.052448805271296
0.049984091268608005
0.046397205145152005
0.046397205145152005
0.046592972508543995
0.047607622025920004
0.045848631206016
0.052573842808640005
0.043379193295743995
0.050673844160384
0.050673844160384
0.047464279308927985
0.05133113231020801
0.04587755630144
0.054204625741056
0.05024799682956801
0.047159389840512
0.038491623899264
0.047548908675648
0.04240765789363199
0.041195277585727996
0.043713709739520004
0.041159435873663996
0.042041889451648
0.042839166483264
0.03962773746547199
0.045903663585663994
0.041072531336512
0.045797111002816006
0.044358197960512
0.04255457733536
0.039848851549568
0.040689829628864
0.045585734443007994
0.041162816173952
0.04418704050272
0.04670313186572801
0.04614626632179199
