0.042865527844008
0.041690878507151995
0.038882594675952
0.038674012187176005
0.039484235272128
0.039409428453336004
0.039864638253008
0.039342722389352006
0.042304319652136005
0.037903179344640006
0.04012772974688
0.03764464481017601
0.039478445302768
0.03971899127424
0.036851673389088
0.037341359804
0.04254310903507201
0.03746888074849599
0.039911336991112004
0.039900071246208
0.039374415312896
0.041095549863776004
0.04199961216582399
0.044113734038480006
0.040281755425344
0.040864679788376004
0.041251285130488
0.038619668209592006
0.03978906261210399
0.043038111898800004
