0.036359432389442004
0.034582529604556
0.032797403304649
0.035620595859268
0.035842988590558
0.035087326949046996
0.034869818268066
0.034913609525089
0.03264977637104001
0.035820906069129
0.03586643785300401
0.035094500694347996
0.035973013150931
0.036106049280053995
0.034823788190014
0.03274509731531
0.034762678662796004
0.03593078454303
0.035346483102860995
0.034812868649294004
0.035686620869255996
0.035038774415476
0.037117373372396
0.035918968035132004
0.03551404588658401
0.034853110181764
0.03509326385711099
0.03434017905871199
0.032873297830407
0.034473048246298
