0.04491034795648
0.04095646395456
0.042011388148288
0.0434271476688
0.0434271476688
0.043246854568191995
0.05056516311475201
0.05056516311475201
0.045995363342207995
0.046125216727167996
0.044062859378688
0.044062859378688
0.048992360371904006
0.0433622708736
0.04681525650700799
0.046903598211968
0.046903598211968
0.03878112215347201
0.047844231047040005
0.04310277345062401
0.04310277345062401
0.04761397652697599
0.045355264636799994
0.040457902256896
0.040457902256896
0.04784916568576
0.04221023730208
0.04504408176377601
0.04504408176377601
0.042149722271424
