0.0346887453443034
0.03501525823521186
0.037413094354460434
0.037684585281230226
0.037089039037563255
0.03901815001052682
0.038263219437909335
0.037166385688952905
0.03723216831930548
0.03762448654030934
0.038055740597736296
0.03780147147403378
0.03704281958459022
0.037193732413416294
0.03630177930680889
0.03321176921420563
0.03541453597531022
0.03765677432988207
0.037217684533864294
0.036129932938676154
0.0373826760910317
0.03727016891831467
0.036510976034147546
0.03583822790871703
0.037653731051237926
0.03582500274041363
0.036185010671104
0.03706755111848532
0.03544214098438637
0.03513323841439763
